# Axisymmetric transonic bump approximate surface coordinates
# Nondimensionalized by chord (20.32 cm)
VARIABLES = "X","Y"
 -3.198854923E+00 3.750000000E-01
 -2.996273041E+00 3.750000000E-01
 -2.804019928E+00 3.750000000E-01
 -2.621570110E+00 3.750000000E-01
 -2.448421001E+00 3.750000000E-01
 -2.284101009E+00 3.750000000E-01
 -2.128159046E+00 3.750000000E-01
 -1.980167985E+00 3.750000000E-01
 -1.839722037E+00 3.750000000E-01
 -1.706436038E+00 3.750000000E-01
 -1.579946995E+00 3.750000000E-01
 -1.459905982E+00 3.750000000E-01
 -1.345986009E+00 3.750000000E-01
 -1.237874031E+00 3.750000000E-01
 -1.135274053E+00 3.750000000E-01
 -1.037906051E+00 3.750000000E-01
 -9.455015063E-01 3.750000000E-01
 -8.578085899E-01 3.750000000E-01
 -7.745866776E-01 3.750000000E-01
 -6.956080198E-01 3.750000000E-01
 -6.206560135E-01 3.750000000E-01
 -5.495254993E-01 3.750000000E-01
 -4.820216894E-01 3.750000000E-01
 -4.179595113E-01 3.750000000E-01
 -3.571636081E-01 3.750000000E-01
 -2.994674146E-01 3.750000000E-01
 -2.447129041E-01 3.750000000E-01
 -1.927500963E-01 3.750000000E-01
 -1.434367001E-01 3.750070035E-01
 -9.663748741E-02 3.764061928E-01
 -5.222439021E-02 3.799898922E-01
 -1.007572003E-02 3.854466975E-01
 2.992396988E-02 3.925108016E-01
 6.788425893E-02 4.009535909E-01
 1.039090976E-01 4.105775952E-01
 1.380971968E-01 4.204668999E-01
 1.705421954E-01 4.288595021E-01
 2.013330013E-01 4.360538125E-01
 2.305538952E-01 4.421983957E-01
 2.582848966E-01 4.474233091E-01
 2.846021056E-01 4.518417120E-01
 3.095774949E-01 4.555532932E-01
 3.332794905E-01 4.586454034E-01
 3.557730019E-01 4.611949921E-01
 3.771196902E-01 4.632700086E-01
 3.973779976E-01 4.649302959E-01
 4.166033864E-01 4.662286043E-01
 4.348486066E-01 4.672116935E-01
 4.521636069E-01 4.679208994E-01
 4.685957134E-01 4.683927000E-01
 4.841899872E-01 4.686594903E-01
 4.989893138E-01 4.687496126E-01
 5.130339861E-01 4.686884880E-01
 5.263625979E-01 4.684982896E-01
 5.390117168E-01 4.681986868E-01
 5.510157943E-01 4.678069949E-01
 5.624079704E-01 4.673385918E-01
 5.732191801E-01 4.668068886E-01
 5.834792852E-01 4.662235975E-01
 5.932161808E-01 4.655990899E-01
 6.024566889E-01 4.649426043E-01
 6.112260818E-01 4.642618001E-01
 6.195483208E-01 4.635637999E-01
 6.274461746E-01 4.628542960E-01
 6.349415183E-01 4.621388018E-01
 6.420546174E-01 4.614214897E-01
 6.488050222E-01 4.607064128E-01
 6.552113295E-01 4.599966109E-01
 6.612908840E-01 4.592950940E-01
 6.670606136E-01 4.586040080E-01
 6.725360751E-01 4.579252899E-01
 6.777324080E-01 4.572606981E-01
 6.826637983E-01 4.566113949E-01
 6.873437762E-01 4.559785128E-01
 6.917850971E-01 4.553627968E-01
 6.959999800E-01 4.547649026E-01
 6.999999881E-01 4.541850984E-01
 7.039999962E-01 4.535934031E-01
 7.080000043E-01 4.529897869E-01
 7.121384144E-01 4.523526132E-01
 7.164198756E-01 4.516797960E-01
 7.208495736E-01 4.509693086E-01
 7.254325151E-01 4.502185881E-01
 7.301740050E-01 4.494253099E-01
 7.350795269E-01 4.485867023E-01
 7.401546836E-01 4.476997852E-01
 7.454054952E-01 4.467616975E-01
 7.508379817E-01 4.457691908E-01
 7.564584017E-01 4.447185993E-01
 7.622731924E-01 4.436061978E-01
 7.682892084E-01 4.424282014E-01
 7.745134234E-01 4.411801100E-01
 7.809528112E-01 4.398575127E-01
 7.876151204E-01 4.384554923E-01
 7.945078015E-01 4.369687140E-01
 8.016390204E-01 4.353916943E-01
 8.090168834E-01 4.337184131E-01
 8.166499734E-01 4.319424033E-01
 8.245471716E-01 4.300568104E-01
 8.327175975E-01 4.280540943E-01
 8.411707282E-01 4.259265065E-01
 8.499162793E-01 4.236654043E-01
 8.589643240E-01 4.212616980E-01
 8.683254123E-01 4.187054038E-01
 8.780103922E-01 4.159860909E-01
 8.880304098E-01 4.130922854E-01
 8.983970881E-01 4.100117981E-01
 9.091224074E-01 4.067313075E-01
 9.202188253E-01 4.032365978E-01
 9.316989779E-01 3.995124996E-01
 9.435763955E-01 3.955422044E-01
 9.558647871E-01 3.913078904E-01
 9.685782194E-01 3.867900968E-01
 9.817314744E-01 3.821974099E-01
 9.953398108E-01 3.785755932E-01
 1.009418964E+00 3.761748075E-01
 1.023985028E+00 3.750655055E-01
 1.039054990E+00 3.750000000E-01
 1.054646969E+00 3.750000000E-01
 1.070778012E+00 3.750000000E-01
 1.087466955E+00 3.750000000E-01
 1.104732990E+00 3.750000000E-01
 1.122596979E+00 3.750000000E-01
 1.141077995E+00 3.750000000E-01
 1.160199046E+00 3.750000000E-01
 1.179981947E+00 3.750000000E-01
 1.200448990E+00 3.750000000E-01
 1.221624017E+00 3.750000000E-01
 1.243530989E+00 3.750000000E-01
 1.266196966E+00 3.750000000E-01
 1.289646029E+00 3.750000000E-01
 1.313907027E+00 3.750000000E-01
 1.339007974E+00 3.750000000E-01
 1.364976048E+00 3.750000000E-01
 1.391842961E+00 3.750000000E-01
 1.419638991E+00 3.750000000E-01
 1.448397994E+00 3.750000000E-01
 1.478150964E+00 3.750000000E-01
 1.508932948E+00 3.750000000E-01
 1.540779948E+00 3.750000000E-01
 1.573729038E+00 3.750000000E-01
 1.607818007E+00 3.750000000E-01
 1.643085957E+00 3.750000000E-01
 1.679574966E+00 3.750000000E-01
 1.717324972E+00 3.750000000E-01
 1.756381989E+00 3.750000000E-01
 1.796790004E+00 3.750000000E-01
 1.838595986E+00 3.750000000E-01
 1.881847978E+00 3.750000000E-01
 1.926596999E+00 3.750000000E-01
 1.972893000E+00 3.750000000E-01
 2.020792007E+00 3.750000000E-01
 2.070347071E+00 3.750000000E-01
 2.121617079E+00 3.750000000E-01
 2.174659967E+00 3.750000000E-01
 2.229538918E+00 3.750000000E-01
 2.286315918E+00 3.750000000E-01
 2.345057964E+00 3.750000000E-01
 2.405831099E+00 3.750000000E-01
 2.468707085E+00 3.750000000E-01
 2.533759117E+00 3.750000000E-01
 2.601061106E+00 3.750000000E-01
 2.670691013E+00 3.750000000E-01
 2.742729902E+00 3.750000000E-01
 2.817260981E+00 3.750000000E-01
 2.894371033E+00 3.750000000E-01
 2.974148989E+00 3.750000000E-01
 3.056685925E+00 3.750000000E-01
 3.142079115E+00 3.750000000E-01
 3.230426073E+00 3.750000000E-01
 3.321830034E+00 3.750000000E-01
 3.416395903E+00 3.750000000E-01
 3.514233112E+00 3.750000000E-01
 3.615454912E+00 3.750000000E-01
 3.720179081E+00 3.750000000E-01
 3.828526020E+00 3.750000000E-01
 3.940620899E+00 3.750000000E-01
 4.056594849E+00 3.750000000E-01
 4.176579952E+00 3.750000000E-01
 4.300716877E+00 3.750000000E-01
 4.429148197E+00 3.750000000E-01
